1 1
1 2
1 3
1 4
2 5
2 6
2 3
2 7
2 4
2 8
3 9
3 10
3 11
3 12
4 11
4 13
5 14
5 15
5 10
5 7
5 12
5 16
6 17
6 18
6 19
7 20
7 21
8 20
8 22
8 23
9 2
10 24
10 25
10 4
11 26
11 27
11 6
11 15
11 28
11 29
12 30
12 11
12 13
12 12
12 31
12 16
13 32
13 33
13 6
13 29
14 33
14 34
14 35
15 6
15 15
15 7
16 6
16 35
16 4
16 21
16 36
17 3
17 8
18 37
18 18
18 19
18 38
19 23
19 21
19 36
20 37
21 35
21 29
22 39
22 28
22 29
23 15
23 7
23 4
24 4
25 39
25 28
25 16
26 25
26 4
26 21
27 28
28 28
28 16
29 38
30 18
30 23
31 7
31 8
32 13
32 12
33 23
33 38
34 23
34 36
35 8
36 31
37 36
38 16
39 21
40 16
41 36
